Compute Relative Frequencies
        Number of Input-Splits: 2
        Number of Reducers: 1
        Input Split 0
        15 91 80 12 19 80 18
        17 15 80 18 19 18
        Input Split 1
        19 15 80 18 19 18
        18 15 18 18 80 18
A Pair Approach
Mapper 0 Output
((15,91),1)
((15,*),1)
((15,80),1)
((15,*),1)
((15,12),1)
((15,*),1)
((15,19),1)
((15,*),1)
((15,80),1)
((15,*),1)
((15,18),1)
((15,*),1)
((91,80),1)
((91,*),1)
((91,12),1)
((91,*),1)
((91,19),1)
((91,*),1)
((91,80),1)
((91,*),1)
((91,18),1)
((91,*),1)
((80,12),1)
((80,*),1)
((80,19),1)
((80,*),1)
((12,19),1)
((12,*),1)
((12,80),1)
((12,*),1)
((12,18),1)
((12,*),1)
((19,80),1)
((19,*),1)
((19,18),1)
((19,*),1)
((80,18),1)
((80,*),1)
((17,15),1)
((17,*),1)
((17,80),1)
((17,*),1)
((17,18),1)
((17,*),1)
((17,19),1)
((17,*),1)
((17,18),1)
((17,*),1)
((15,80),1)
((15,*),1)
((15,18),1)
((15,*),1)
((15,19),1)
((15,*),1)
((15,18),1)
((15,*),1)
((80,18),1)
((80,*),1)
((80,19),1)
((80,*),1)
((80,18),1)
((80,*),1)
((18,19),1)
((18,*),1)
((19,18),1)
((19,*),1)
Mapper 1 Output
((19,15),1)
((19,*),1)
((19,80),1)
((19,*),1)
((19,18),1)
((19,*),1)
((15,80),1)
((15,*),1)
((15,18),1)
((15,*),1)
((15,19),1)
((15,*),1)
((15,18),1)
((15,*),1)
((80,18),1)
((80,*),1)
((80,19),1)
((80,*),1)
((80,18),1)
((80,*),1)
((18,19),1)
((18,*),1)
((19,18),1)
((19,*),1)
((18,15),1)
((18,*),1)
((15,18),1)
((15,*),1)
((18,80),1)
((18,*),1)
((80,18),1)
((80,*),1)
Reducer Input
((12,*),[1,1,1])
((12,18),1)
((12,19),1)
((12,80),1)
((15,*),[1,1,1,1,1,1,1,1,1,1,1,1,1,1,1])
((15,12),[1])
((15,18),[1,1,1,1,1,1])
((15,19),[1,1,1])
((15,80),[1,1,1,1])
((15,91),[1])
((17,*),[1,1,1,1,1])
((17,15),[1])
((17,18),[1,1])
((17,19),[1])
((17,80),[1])
((18,*),[1,1,1,1])
((18,15),[1])
((18,19),[1,1])
((18,80),[1])
((19,*),[1,1,1,1,1,1,1])
((19,15),[1])
((19,18),[1,1,1,1])
((19,80),[1,1])
((80,*),[1,1,1,1,1,1,1,1,1,1])
((80,12),[1])
((80,18),[1,1,1,1,1,1])
((80,19),[1,1,1])
((91,*),[1,1,1,1,1])
((91,12),[1])
((91,18),[1])
((91,19),[1])
((91,80),[1,1])
Reducer Output
N=3
((12,18),1/3)
((12,19),1/3)
((12,80),1/3)
N=15
((15,12),1/15)
((15,18),6/15)
((15,19),3/15)
((15,80),4/15)
((15,91),1/15)
N=5
((17,15),1/5)
((17,18),2/5)
((17,19),1/5)
((17,80),1/5)
N=4
((18,15),1/4)
((18,19),2/4)
((18,80),1/4)
N=7
((19,15),1/7)
((19,18),4/7)
((19,80),2/7)
N=10
((80,12),1/10)
((80,18),6/10)
((80,19),3/10)
N=5
((91,12),1/5)
((91,18),1/5)
((91,19),1/5)
((91,80),2/5)


B Stripe Approach
Mapper 0 Output
(15,(91,1))
(15,(*,1))
(15,(80,1))
(15,(*,1))
(15,(12,1))
(15,(*,1))
(15,(19,1))
(15,(*,1))
(15,(80,1))
(15,(*,1))
(15,(18,1))
(15,(*,1))
(91,(80,1))
(91,(*,1))
(91,(12,1))
(91,(*,1))
(91,(19,1))
(91,(*,1))
(91,(80,1))
(91,(*,1))
(91,(18,1))
(91,(*,1))
(80,(12,1))
(80,(*,1))
(80,(19,1))
(80,(*,1))
(12,(19,1))
(12,(*,1))
(12,(80,1))
(12,(*,1))
(12,(18,1))
(12,(*,1))
(19,(80,1))
(19,(*,1))
(19,(18,1))
(19,(*,1))
(80,(18,1))
(80,(*,1))
(17,(15,1))
(17,(*,1))
(17,(80,1))
(17,(*,1))
(17,(18,1))
(17,(*,1))
(17,(19,1))
(17,(*,1))
(17,(18,1))
(17,(*,1))
(15,(80,1))
(15,(*,1))
(15,(18,1))
(15,(*,1))
(15,(19,1))
(15,(*,1))
(15,(18,1))
(15,(*,1))
(80,(18,1))
(80,(*,1))
(80,(19,1))
(80,(*,1))
(80,(18,1))
(80,(*,1))
(18,(19,1))
(18,(*,1))
(19,(18,1))
(19,(*,1))
Mapper 1 Output
(19,(15,1))
(19,(*,1))
(19,(80,1))
(19,(*,1))
(19,(18,1))
(19,(*,1))
(15,(80,1))
(15,(*,1))
(15,(18,1))
(15,(*,1))
(15,(19,1))
(15,(*,1))
(15,(18,1))
(15,(*,1))
(80,(18,1))
(80,(*,1))
(80,(19,1))
(80,(*,1))
(80,(18,1))
(80,(*,1))
(18,(19,1))
(18,(*,1))
(19,(18,1))
(19,(*,1))
(18,(15,1))
(18,(*,1))
(15,(18,1))
(15,(*,1))
(18,(80,1))
(18,(*,1))
(80,(18,1))
(80,(*,1))
Reducer Input
(12,(*,[1,1,1]))
(12,(19,[1]))
(12,(80,[1]))
(12,(18,[1]))
(15,(*,[1,1,1,1,1,1,1,1,1,1,1,1,1,1,1]))
(15,(12,[1]))
(15,(18,[1,1,1,1,1,1]))
(15,(19,[1,1,1]))
(15,(80,[1,1,1,1]))
(15,(91,[1]))
(17,(*,[1,1,1,1,1]))
(17,(15,[1]))
(17,(18,[1,1]))
(17,(19,[1]))
(17,(80,[1]))
(18,(*,[1,1,1,1]))
(18,(15,[1]))
(18,(19,[1,1]))
(18,(80,[1]))
(19,(*,[1,1,1,1,1,1,1]))
(19,(15,[1]))
(19,(18,[1,1,1,1]))
(19,(80,[1,1]))
(80,(*,[1,1,1,1,1,1,1,1,1,1]))
(80,(12,[1]))
(80,(18,[1,1,1,1,1,1]))
(80,(19,[1,1,1]))
(91,(*,[1,1,1,1,1]))
(91,(12,[1]))
(91,(18,[1]))
(91,(19,[1]))
(91,(80,[1,1]))
Reducer Output
N=3
(12,(18,1/3))
(12,(19,1/3))
(12,(80,1/3))
N=15
(15,(12,1/15))
(15,(18,6/15))
(15,(19,3/15))
(15,(80,4/15))
(15,(91,1/15))
N=5
(17,(15,1/5))
(17,(18,2/5))
(17,(19,1/5))
(17,(80,1/5))
N=4
(18,(15,1/4))
(18,(19,2/4))
(18,(80,1/4))
N=7
(19,(15,1/7))
(19,(18,4/7))
(19,(80,2/7))
N=10
(80,(12,1/10))
(80,(18,6/10))
(80,(19,3/10))
N=5
(91,(12,1/5))
(91,(18,1/5))
(91,(19,1/5))
(91,(80,2/5))









